01 Alabama 0 946 4887871
02 Alaska 2 375 737438
04 Arizona 3 176 7171646
05 Arkansas 1 923 3013825
06 California 6 710 39557045
08 Colorado 3 649 5695564
09 Connecticut 0 251 3572665
10 Delaware 0 463 967171
11 Washington D.C 0 56 702455
12 Florida 3 109 21299325
13 Georgia 0 198 10519475
15 Hawaii 2 583 1420491
16 Idaho 1 459 1754208
17 Illinois 0 638 12741080
18 Indiana 1 927 6691878
19 Iowa 0 202 3156145
20 Kansas 0 189 2911505
21 Kentucky 1 44 4468402
22 Louisiana 0 866 4659978
23 Maine 1 489 1338404
24 Maryland 0 46 6042718
25 Massachusetts 0 663 6902149
26 Michigan 1 249 9995915
27 Minnesota 1 57 5611179
28 Mississippi 0 53 2986530
29 Missouri 1 430 6126452
30 Montana 2 88 1062305
31 Nebraska 0 628 1929268
32 Nevada 2 117 3034392
33 New Hampshire 0 21 1356458
34 New Jersey 0 19 8908520
35 New Mexico 1 284 2095428
36 New York 0 101 19542209
37 North Carolina 1 247 10383620
38 North Dakota 1 672 760077
39 Ohio 1 93 11689442
40 Oklahoma 0 100 3943079
41 Oregon 1 1073 4190713
42 Pennsylvania 0 496 12807060
44 Rhode Island 0 1068 1057315
45 South Carolina 1 120 5084127
46 South Dakota 2 47 882235
47 Tennessee 1 62 6770010
48 Texas 2 86 28701845
49 Utah 5 728 3161105
50 Vermont 0 11 626299
51 Virginia 1 284 8517685
53 Washington 3 689 7535591
54 West Virginia 0 40 1805832
55 Wisconsin 0 190 5813568
56 Wyoming 2 270 577737
