AK 1448,16522,599,10,583
AZ 16525,16861,1095,1885
AR 1286,537,541
CA 15189,613,16821,610,475
CO 1033,1054,1055,1051
FL 1273,1278,12780,12796,12799
HI 12718,1414,1417
ID 1019,1113,14488,1011,1012
IN 1080,1529,1559
KY 362,324,367,322
ME 4064,1626,1575,4017
MI 1614,12818,3072,4095
MN 3921,13549,178,432,3924
MO 1086,12819,1301
MT 131,135,16597,1482
NV 16659,1198,2104,1734,2117
NM 488,16783,15122,1100,14579
ND 1124,1125,1126,1127,1128
OH 1079,1340
OR 10003316,1111,10000410,1110
SC 1047,1255,12795,1334,1336
SD 1015,1056,1057,1150,1161
TN 1048,1347,1363
TX 499,580,514
UT 13379,2017,1031,16336
VA 10003301,1050,1284,1348
WA 2005,1111,16748,16822
WY 14715,16804,16709,1060