AL 25 1314,1349,13557,13668,13704,13770,13839,1391,1395,1670,1699,1917,1973,1974,1975,1977,1979,1980,2040,3916,3925,3926,3927,444,452,
CT 13 13617,13706,13752,1621,199,206,211,213,217,220,223,228,5457,
DE 4 1313,13589,1573,3082,
DC 12 13637,13638,13639,13640,13641,13701,13880,13881,13883,13884,13886,13887,
GA 28 10017,1040,12789,1288,1308,13674,13699,13759,13819,13826,13844,1420,1544,1565,1566,1666,3070,3099,3965,4148,440,442,443,449,450,451,454,455,
IL 26 10018,1078,12746,12800,1346,1358,13670,1368,13696,13735,13751,13785,13786,1389,14433,1512,1686,1689,1690,1691,1903,375,380,381,4055,4056,
IA 12 13738,1378,1381,1436,1534,158,159,160,161,1654,274,4054,
KS 30 123,124,125,126,127,128,13648,13893,1397,1456,1574,263,265,266,269,270,271,273,277,278,3127,4058,546,551,552,553,555,562,565,572,
LA 42 1043,1265,1266,1267,12748,12792,1280,12814,1290,1291,1299,1306,1312,1319,1329,1337,13675,13680,1369,1374,13741,1401,1418,143,144,145,1463,1476,148,1491,1498,153,155,156,157,1586,1611,1638,1657,4014,4015,4016,
MD 14 1309,13569,13670,13684,13692,13695,13818,1384,14565,1560,196,3080,3144,4063,
MA 33 10012,10019,114,12821,13613,13614,13731,1405,1445,1522,1530,1550,1557,200,202,203,205,207,208,212,215,216,225,227,229,230,3073,3102,4046,4047,4048,4060,4061,
MS 23 1044,13693,1370,13746,13771,1400,1426,146,150,1502,151,1520,1526,154,1542,1556,1617,1633,1677,3085,4050,441,448,
NE 39 1056,12803,1361,1398,1539,1576,1659,1799,1993,264,281,294,295,296,297,298,299,300,301,302,303,304,305,307,3960,3961,72,73,74,75,76,77,78,79,80,81,83,84,93,
NH 13 222,204,221,3086,13613,214,209,13896,1087,1662,210,1478,13615,
NJ 10 12793,12804,1332,13755,1386,1408,1627,1661,3088,4075,
NY 24 10021,1089,1261,13667,13670,13688,13692,13724,13760,13882,1437,1524,1552,1636,1669,181,1821,186,189,3087,3957,3997,3998,3999,
OK 50 1131,1130,564,575,556,573,13872,1129,563,577,1132,574,1672,13898,13703,1609,567,13725,1487,1098,1665,579,547,1133,544,13603,548,1545,569,1037,554,570,1371,571,3958,1591,12781,566,557,545,576,13870,558,1134,559,1135,561,581,560,10011715,
PA 34 10013,10023,1088,13669,13690,13692,13699,13740,13767,1390,1446,182,184,185,187,188,190,191,194,195,197,198,393,394,395,397,398,399,400,405,407,409,411,412,
RI 6 1310,1537,1587,1648,3091,4004,
VT 10 1089,13613,13616,13718,1519,201,218,219,224,226,
WV 25 408,309,406,334,404,1331,13610,183,1090,13754,310,312,1050,331,314,13889,323,403,311,332,333,1543,13860,315,321,
WI 23 1091,13666,13713,1399,1429,14566,14568,1483,1535,1618,162,1647,168,170,1701,171,179,180,1805,4051,4052,4092,433,
