LA 39 1043,1265,1266,1267,12748,12792,1280,12814,1290,1291,1299,1306,1312,1319,1329,1337,1369,1374,1401,1418,143,144,145,1463,1476,148,1491,1498,153,155,156,157,1586,1611,1638,1657,4014,4015,4016
MD 8 1309,1384,14565,1560,196,3080,3144,4063
MA 28 114,12821,1405,1445,1522,1530,1550,1557,200,202,203,205,207,208,212,215,216,225,227,229,230,3073,3102,4046,4047,4048,4060,4061
MS 20 1044,1370,1400,1426,146,150,1502,151,1520,1526,154,1542,1556,1617,1633,1677,3085,4050,441,448
NE 39 1056,12803,1361,1398,1539,1576,1659,1799,1993,264,281,294,295,296,297,298,299,300,301,302,303,304,305,307,3960,3961,72,73,74,75,76,77,78,79,80,81,83,84,93
NH 10 222,204,221,3086,214,209,1087,1662,210,1478
NJ 9 12793,12804,1332,1386,1408,1627,1661,3088,4075
NY 15 1089,1261,1437,1524,1552,1636,1669,181,1821,186,189,3957,3997,3998,3999
OK 44 1131,564,575,556,573,1129,563,577,1132,574,1672,1609,567,1487,1098,1665,579,547,1133,544,548,1545,569,1037,554,570,1371,571,3958,1591,12781,566,557,545,576,558,1134,559,1135,561,581,560,10011715,1644
PA 25 1088,1390,1446,182,184,185,187,188,190,191,194,195,197,198,393,394,395,397,398,399,405,407,409,411,412
RI 6 1310,1537,1587,1648,3091,4004
VT 7 1089,1519,201,218,219,224,226
WV 21 408,309,406,334,404,1331,183,1090,310,312,1050,331,314,323,403,311,332,333,1543,315,321
WI 21 1091,1399,1429,14566,14568,1483,1535,1618,162,1647,168,170,1701,171,179,180,1805,4051,4052,4092,433