acad 1 2554
arch 22 16336,16334,16337,16714,16206,2160,14494,14499,2149,14500,14528,14498,14496,14506,14503,16271,16218,14502,14497,16279,2573,16330
badl 1 2578
bibe 1 2584
bisc 2 2588,3944
blca 14 2651,13399,16723,16747,16725,50,16604,16701,1694,53,16702,16746,2592,1052
brca 7 2198,14758,16276,16308,16285,16287,2599
cany 9 16265,14499,16264,14528,16408,16471,16204,2616,16419
care 15 2617,16357,16473,16356,16367,16373,16219,16359,16372,16405,16369,16470,16368,16360,16406
cave 8 14606,14620,14592,14603,10038,14608,2622,2744
chis 1 2631
cong 1 2644
crla 1 2647
cuva 2 13919,2652
deva 1 2662
drto 1 2665
ever 1 2677
jeff 2 2961,13951
glac 1 2725
grca 1 2733
grte 4 1532,1036,1234,13525
grba 2 2113,2732
grsm 1 2739
gumo 6 14606,14592,14584,14603,2622,2744
hale 4 3104,3967,1449,2751
havo 1 2753
hosp 4 1037,2760,147,149
indu 1 2767
isro 1 2769
jotr 5 13461,13369,2782,13425,13449
kefj 1 2787
kova 1 2795
lavo 2 1066,2803
maca 3 2818,371,352
meve 4 16533,54,2993,2824
mora 2 252,2835
noca 1 2845
olym 3 16748,1120,2881
pefo 1 2856
pinn 4 16685,14829,14830,2893
romo 10 89,9,16741,67,94,51,88,52,68,2907
sagu 3 1093,3149,2917
shen 1 2933
thro 1 2949
voya 1 2970
wica 6 2772,286,287,1161,2980,2837
yell 1 2988
yose 1 2991
zion 50 13379,16302,13416,16477,16459,16694,13340,16288,16301,2994,16202,16325,16446,16326,16322,16324,16323,16321,16320,16316,14750,16284,16345,16386,16387,16399,16331,13374,16317,16319,16201,15110,16401,16222,16385,16391,1732,16461,16348,16437,16394,16347,16344,16395,16402,16303,16454,16379,13353,16281
