01 Alabama 12 946 4887871
02 Alaska 19 375 737438
04 Arizona 25 176 7171646
05 Arkansas 8 923 3013825
06 California 33 710 39557045
08 Colorado 16 649 5695564
09 Connecticut 6 251 3572665
10 Delaware 4 463 967171
11 Washington D.C 35 56 702455
12 Florida 11 109 21299325
13 Georgia 0 0 10519475
15 Hawaii 24 781 1420491
16 Idaho 10 459 1754208
17 Illinois 5 638 12741080
18 Indiana 4 927 6691878
19 Iowa 4 202 3156145
20 Kansas 10 189 2911505
21 Kentucky 8 44 4468402
22 Louisiana 8 866 4659978
23 Maine 6 489 1338404
24 Maryland 30 46 6042718
25 Massachusetts 21 663 6902149
26 Michigan 7 249 9995915
27 Minnesota 6 57 5611179
28 Mississippi 11 53 2986530
29 Missouri 12 430 6126452
30 Montana 10 88 1062305
31 Nebraska 10 628 1929268
32 Nevada 7 117 3034392
33 New Hampshire 2 21 1356458
34 New Jersey 12 19 8908520
35 New Mexico 18 284 2095428
36 New York 37 101 19542209
37 North Carolina 14 247 10383620
38 North Dakota 5 672 760077
39 Ohio 13 93 11689442
40 Oklahoma 6 100 3943079
41 Oregon 10 1073 4190713
42 Pennsylvania 31 496 12807060
44 Rhode Island 5 1068 1057315
45 South Carolina 10 120 5084127
46 South Dakota 7 47 882235
47 Tennessee 16 62 6770010
48 Texas 16 86 28701845
49 Utah 17 728 3161105
50 Vermont 4 11 626299
51 Virginia 36 284 8517685
53 Washington 17 689 7535591
54 West Virginia 12 40 1805832
55 Wisconsin 4 190 5813568
56 Wyoming 10 270 577737
